x: 0.01002645580999173
y: -0.0014811544738547308
px: 0.0014051251342735022
py: -0.0014245308692624591
